c = 2.999016101
v = 2.999016101
